4.59262e-05 0.0113135 6.60209e-07 0.0159709 0.274231 0.166227 1.12303e-07 0.00587712 0.362838 0.000131976 2.01564e-07 1.48067e-05 1.62627e-07 0.0498188 0.0214092 0.00463411 3.30386e-05 0.00651915 0.0234001 0.0575347 
4.85739e-09 7.28048e-09 1.12125e-06 3.20554e-09 9.10716e-07 1.98541e-06 3.97477e-09 0.999989 3.70384e-09 4.58329e-09 7.13397e-09 4.56224e-06 5.7559e-09 9.06316e-07 1.50135e-06 4.1701e-09 5.17762e-09 5.91015e-09 4.88052e-09 2.44779e-09 
2.06279e-08 9.17832e-05 0.00992952 1.3613e-08 1.59837e-05 4.35414e-05 1.22014e-05 3.11573e-08 0.000288914 3.66834e-05 3.02959e-08 1.79041e-08 2.44436e-08 0.0147169 0.0071075 0.115928 3.64701e-05 2.50987e-08 0.851783 9.25104e-06 
0.000177215 7.71013e-08 0.00247097 4.17319e-05 2.29191e-06 0.0330579 0.00254285 0.0186011 0.1541 0.00646077 0.00139482 0.0268718 0.0477053 0.430099 0.0157198 0.00735776 4.60559e-06 3.13395e-06 0.251945 0.00144407 
0.000643115 0.672195 0.00636684 0.0117745 0.0250074 0.0109446 0.0418658 4.83674e-08 0.00318604 0.214181 2.27912e-06 2.77936e-08 9.38403e-07 4.47283e-05 2.35283e-08 0.00683431 0.00437711 0.00209198 3.21745e-08 0.000484445 
0.0291363 7.58841e-06 0.0501257 1.78539e-05 0.000989199 0.0131202 0.0150401 0.00216361 0.00314919 0.0117861 0.00572323 0.151363 0.0157993 0.0818224 0.198818 0.23636 0.0109631 7.60465e-06 0.169965 0.00364267 
0.0262848 0.0050765 0.184105 9.75351e-05 0.000101255 0.000428809 5.68754e-05 9.7363e-08 0.000427384 0.000133545 2.7909e-05 0.000100804 0.00232762 1.93933e-05 4.73622e-08 0.728276 3.10008e-05 0.0238887 7.47797e-05 0.028541 
0.0143665 0.017456 0.022412 0.0230792 0.0445453 0.0141903 0.0343173 0.000223664 0.0554796 0.00587989 0.0141969 0.00345644 4.41581e-05 0.527621 0.0290359 0.0288168 0.00539043 0.00389283 1.36139e-06 0.155594 
4.70283e-05 0.00336077 0.00671412 0.0384353 7.65829e-05 0.142658 0.00905244 5.12314e-08 0.0709745 0.132836 0.000330085 0.00123265 4.01922e-08 0.00523693 0.0871304 0.0157475 0.449886 2.07374e-05 0.0062025 0.0300587 
0.0291796 5.09766e-08 0.00423076 5.06479e-06 0.473024 2.33576e-06 0.000329007 5.13711e-08 0.00763056 0.0445663 0.0294477 0.00141812 4.03018e-08 3.48885e-05 0.0101806 0.0666495 0.00884591 0.229973 0.0361787 0.058304 
0.0114726 0.0336938 0.00244733 0.0675892 0.114169 0.0110822 0.141443 9.10201e-05 0.528011 0.0371689 4.28497e-06 6.92523e-05 3.28591e-07 0.00413473 0.000724622 0.00397671 0.00220208 0.0364147 1.38731e-08 0.00530399 
0.004637 0.0911148 0.00362149 0.0619714 0.0152219 0.00663727 0.0127993 0.000251436 0.238126 0.0887582 0.00107754 0.0291363 1.88678e-05 0.013157 0.00633808 0.0275647 0.326905 0.0127595 0.0166238 0.0432803 
0.0122541 1.16054e-05 0.00792096 0.0482647 0.0421007 0.0194781 0.086171 0.000145096 0.0642327 0.113188 0.00208708 0.0818805 0.000323146 0.0783016 0.161845 0.093314 0.013169 0.00766444 0.00394605 0.163702 
0.00135632 0.00695891 0.0965453 0.00392979 0.0186695 0.0185897 4.4931e-06 1.15248e-05 0.133247 0.00135084 6.38209e-06 0.00976556 7.10673e-06 0.0540667 0.0817341 0.0698982 0.00305076 6.75075e-07 0.462764 0.0380437 
0.00300536 9.79043e-07 3.8074e-07 0.000905667 0.0109107 6.77398e-07 5.34508e-07 9.86619e-07 0.00174376 6.16338e-07 9.59341e-07 5.66945e-07 7.74025e-07 0.000533406 0.000816378 0.00280444 6.96261e-07 7.94768e-07 6.56308e-07 0.979272 
0.00792757 0.000450441 0.0062921 0.0322322 0.000168678 2.5239e-05 0.000491013 1.5204e-06 8.02379e-05 9.49789e-07 1.47836e-06 0.143546 1.19279e-06 6.31813e-07 1.07279e-05 0.0044525 3.92053e-05 0.176509 6.35231e-05 0.627706 
0.00479193 0.00640696 6.95899e-06 0.0279457 0.25008 0.0104509 0.00373715 0.000197049 0.442784 0.00671756 6.13172e-08 0.000514963 1.3942e-06 0.0408008 0.00168606 0.00849065 0.0985156 0.0649763 4.19485e-08 0.0318962 
0.116019 0.150032 0.0314769 0.128645 0.000234012 1.00459e-07 7.92681e-08 0.000126519 0.000384812 0.0222407 0.135918 0.104738 0.0881452 0.000102956 0.101506 0.00471434 1.41888e-05 0.000760846 4.52401e-05 0.114896 
0.000231557 0.0457054 0.00690837 0.000145433 0.000977969 0.000656788 4.33975e-07 7.36933e-05 0.00160973 0.000839162 0.000958746 0.865992 6.28443e-07 0.00251176 0.072078 1.79557e-05 0.00105728 0.000144179 3.70193e-05 5.43098e-05 
1.46562e-07 0.0474626 8.5429e-08 0.0129508 0.184873 0.0172341 1.19931e-07 3.96105e-05 0.00881622 7.49434e-05 2.15253e-07 0.024142 1.73673e-07 0.000203788 2.04953e-05 1.25824e-07 0.536947 0.026126 0.00212225 0.138986 
0.104722 0.000174674 0.0218717 0.00475803 0.0401027 2.29459e-07 1.19427e-05 3.34202e-07 7.56667e-06 2.15693e-05 5.19001e-05 1.3915e-05 0.000289713 0.0325883 0.00210407 0.000325247 0.00229395 0.0127911 0.0514175 0.726453 
0.0023235 0.00676741 6.50941e-07 0.0493642 8.06426e-07 1.91043e-08 0.00821846 2.78251e-08 0.00100622 1.73823e-08 2.70558e-08 7.82784e-06 2.18294e-08 0.000744242 3.70365e-05 0.0118537 0.00135089 0.847827 7.09769e-06 0.0704907 
0.000344383 0.144242 1.88456e-06 0.0257329 0.00245223 0.462314 0.135799 4.76201e-08 0.00326381 0.046844 1.71685e-06 2.73641e-08 2.78106e-06 3.87672e-05 2.31647e-08 2.77568e-06 0.173074 4.15814e-05 3.16773e-08 0.00584505 
1.18436e-05 1.27554e-06 0.00959492 0.0637193 0.000809707 0.0923087 0.000140204 1.28541e-06 0.00386973 0.00193333 1.24987e-06 0.000592634 0.000573403 0.00785607 0.0923983 7.30601e-07 0.277833 0.448114 8.55066e-07 0.000239382 
5.67898e-05 0.00739939 0.0337874 0.000149558 0.00548993 0.0190966 5.04785e-05 0.000217929 0.0398325 0.0014609 2.60719e-07 0.000353046 0.000134379 0.0444496 0.0428825 0.0551919 0.00321132 1.274e-05 0.738878 0.00734459 
0.000118931 3.58642e-05 0.0275404 0.000377736 0.0926186 0.0324493 0.0789989 9.58725e-08 6.04741e-05 0.647241 0.000198132 0.000955019 7.52141e-08 4.149e-05 4.20984e-05 0.000106625 0.0436447 0.0740364 6.37753e-08 0.00153444 
0.0384434 0.0133914 0.0546329 0.258922 0.0653655 0.166365 0.0281947 3.16766e-07 0.0507917 0.0856578 0.00575948 0.0170271 2.4851e-07 0.0138449 0.0517525 9.83683e-06 0.0609576 0.0768515 6.0088e-05 0.0119716 
9.47565e-05 9.9699e-06 1.02362e-05 8.27212e-05 8.27049e-08 0.000907591 0.00338878 2.58771e-07 0.995424 1.61654e-07 8.76503e-06 5.1799e-06 2.03012e-07 4.92144e-05 1.25879e-07 1.47081e-07 7.73757e-06 1.96066e-06 1.72137e-07 7.97143e-06 
1.52212e-06 3.86364e-08 0.00274917 1.70113e-08 1.2444e-08 3.76574e-05 0.0102248 0.0475088 0.168083 0.0147217 0.00209258 0.0155474 0.0332106 0.487131 8.81449e-06 0.0627847 2.74769e-08 5.24762e-06 0.143291 0.0126015 
0.00321614 0.00345162 4.12642e-05 0.00644349 0.00389846 0.000214635 0.0530942 0.0179064 0.00299093 0.00666758 2.92154e-05 0.0213785 6.5561e-05 0.0269911 0.0390214 2.27529e-06 0.00405706 0.00337479 2.56795e-07 0.807155 
0.211081 9.56838e-05 9.60838e-05 0.0577262 9.61273e-05 0.10557 9.59814e-05 9.56789e-05 9.60054e-05 0.0288739 9.56971e-05 0.316764 9.58213e-05 9.60642e-05 9.60178e-05 9.59637e-05 9.58732e-05 9.58075e-05 0.086406 0.192332 
0.0252542 0.00953904 0.0460968 0.0134878 0.0720915 0.00131092 1.17863e-05 5.3103e-07 4.94422e-06 1.24746e-05 0.0768759 4.47683e-05 7.83102e-06 0.0517273 2.5091e-06 0.0857234 0.0500494 0.0387467 0.17486 0.354152 
0.00855258 0.00727769 0.0529512 0.0102408 0.0325958 0.556098 0.0055018 0.00234004 0.00713948 0.036861 0.00532749 0.0159485 1.00749e-05 0.12063 0.00279926 0.0413427 0.0106709 0.0291766 0.00408951 0.0504474 
4.07022e-06 0.00793689 0.032268 0.0153132 1.96489e-06 0.0185767 0.00966217 0.0055392 0.00310672 0.0138298 5.97787e-06 0.00176992 4.82312e-06 0.0158422 0.0104701 0.847369 4.33856e-06 0.00495733 0.000413049 0.0129241 
0.0442166 1.64127e-07 6.38275e-08 0.000672652 0.772397 3.42824e-05 0.000148376 1.65397e-07 2.04117e-05 1.03323e-07 1.43924e-05 9.5043e-08 1.29758e-07 6.87321e-08 0.000109516 0.000969424 1.64693e-06 5.81003e-06 0.102023 0.0793861 
9.22117e-05 7.15075e-07 0.00588282 0.00772945 0.00760299 9.65401e-05 5.55806e-06 0.00934133 5.55756e-05 0.0129638 0.00391755 0.0118022 5.65334e-07 0.00618739 0.0254529 3.98934e-06 0.89084 0.000142638 0.0178496 3.17595e-05 
0.00383726 0.00201424 0.000194261 0.177758 0.0333069 0.021092 0.0256427 1.87804e-07 0.659176 0.00287348 0.000696648 1.37436e-05 1.97977e-05 0.00673824 1.11797e-05 0.000150913 0.0375002 1.52978e-05 1.87881e-06 0.0289563 
0.00407366 8.23701e-05 0.00816422 2.03891e-07 2.51018e-05 3.20405e-07 2.52819e-07 6.77854e-05 0.00467784 2.91524e-07 0.00708321 0.0135073 0.000102895 0.0125112 0.932722 0.00020883 0.0109405 0.00573956 3.10429e-07 9.19496e-05 
2.20415e-07 0.000168263 3.90933e-05 0.992766 0.00123317 2.28581e-07 0.00567287 3.32924e-07 1.6807e-07 2.07977e-07 6.34384e-05 1.9131e-07 3.42097e-05 1.38349e-07 1.61951e-07 2.06854e-05 2.34946e-07 2.68186e-07 2.21464e-07 1.11074e-07 
0.0206082 0.00621732 1.19319e-05 0.250509 6.07167e-06 0.0296778 0.000357172 2.23332e-07 0.462252 0.133205 0.000203018 0.000874931 0.000103255 0.0222093 0.0275345 3.21393e-05 0.0349953 0.0101057 1.48562e-07 0.00109778 
0.131284 1.41517e-08 1.29207e-05 0.0216223 0.361099 0.0929436 0.000297719 1.42612e-08 0.00147605 0.0040969 0.00164663 0.00427877 1.11883e-08 0.00809117 0.0440034 0.0406981 0.00125015 0.0480748 0.0826544 0.15647 
0.0196659 0.0030881 9.45816e-05 0.185915 0.0254808 0.000366263 0.000227285 0.104565 0.000833573 0.0120807 0.098215 0.0657547 0.000202866 0.0545039 0.141057 6.64218e-05 0.193335 0.000266599 9.9664e-05 0.0941814 
5.04928e-05 5.9581e-05 1.91966e-05 0.190786 0.1982 0.239446 0.000176741 1.55729e-08 1.70791e-05 4.18447e-05 0.0909973 8.94872e-09 1.22173e-08 3.5266e-05 0.069158 1.50835e-05 0.0277259 0.0345883 1.03592e-08 0.148684 
0.00639806 0.000737182 0.00142307 0.923682 0.00352442 0.00291052 0.00790544 8.21272e-06 0.00760448 0.00145945 1.57258e-06 0.0026262 0.000260045 0.0156711 0.01026 0.00118347 0.00111617 0.000244771 0.000407297 0.0125768 
9.95781e-05 5.52027e-05 2.14678e-05 0.612213 0.284413 4.99959e-08 4.81628e-06 7.28182e-08 3.04134e-06 8.7208e-06 7.0805e-08 5.61523e-06 5.71275e-08 3.02601e-08 3.57398e-06 2.04635e-05 5.80711e-06 4.49834e-05 0.00021164 0.102889 
0.0324281 2.9002e-05 0.000131819 0.00804789 0.0471445 0.014287 6.15507e-05 6.26934e-05 0.00802095 0.018752 0.000163411 0.0484923 0.00219713 0.0240991 0.666233 0.111208 2.53489e-05 0.000589088 7.28716e-05 0.0179535 
0.99362 0.000223949 4.92255e-07 5.57319e-07 4.07685e-07 8.758e-07 7.09257e-05 1.27559e-06 5.16232e-05 9.91383e-05 0.000881101 7.32997e-07 3.73247e-05 0.000192937 6.20509e-07 9.0201e-05 0.00451589 1.02755e-06 8.48532e-07 0.000210058 
0.00104067 6.63551e-07 0.000111361 5.56357e-07 2.04008e-07 0.000616363 0.00109779 3.23508e-09 0.997131 2.02095e-09 5.88608e-07 3.47852e-07 2.53799e-09 1.34436e-09 1.04551e-07 1.83875e-09 5.02871e-07 1.21729e-07 2.152e-09 1.07932e-09 
0.29012 1.14e-05 1.71624e-05 0.171193 0.131568 0.00341631 0.00052571 0.0013828 0.0135144 0.0306277 0.00886295 0.0252488 1.16481e-05 0.00259993 0.0190622 0.00375544 0.00603427 0.0483234 0.0333776 0.210346 
0.000687871 8.62076e-07 0.00519962 0.0110016 0.000537834 5.96469e-07 0.00043209 8.68747e-07 0.00033791 0.0154555 0.000165013 0.00122784 0.00263578 0.812071 0.00172004 4.93778e-07 0.133009 0.00992449 0.00559166 2.89841e-07 
4.31913e-07 0.000181929 2.51756e-07 0.139576 0.00309249 0.03602 0.341517 0.00289448 0.0569731 4.07541e-07 6.34344e-07 0.0592732 5.11807e-07 0.353547 3.1735e-07 3.708e-07 0.000424058 0.00560637 0.000560032 0.000331085 
0.0335652 0.00384497 0.0332853 0.0450113 0.0673029 0.00215567 0.0252463 1.1845e-07 0.00400522 0.00135459 0.0109433 0.00260326 1.65552e-06 0.0586033 0.551004 9.97681e-05 0.0342326 0.00125578 0.0336406 0.0918438 
0.00242334 5.75321e-08 0.0453475 3.81568e-05 0.000167477 2.67972e-05 0.0460796 7.53871e-06 0.0232254 0.000227015 0.428174 0.0238225 4.54845e-08 0.124793 0.0604437 6.15628e-05 1.11858e-05 0.187629 6.91703e-05 0.0574534 
0.043811 0.00425067 0.000333918 0.0966349 0.012835 0.00680457 0.239321 4.39966e-07 0.39787 0.00126275 5.29863e-05 0.0196923 2.53513e-06 0.00376888 0.121838 0.00011766 0.051214 0.000130981 2.9267e-07 5.85097e-05 
1.83486e-09 2.75018e-09 4.35665e-07 1.21088e-09 3.54041e-07 1.90284e-09 1.50146e-09 0.999998 1.39912e-09 1.73132e-09 2.69483e-09 1.59258e-09 2.17427e-09 3.52145e-07 5.83654e-07 1.57524e-09 1.95583e-09 2.23254e-09 1.8436e-09 9.24646e-10 
2.00092e-05 1.42964e-05 0.0316789 0.0493333 0.000245632 1.91902e-05 0.255722 0.00250248 0.000187394 0.000385141 6.09721e-06 0.341908 2.98538e-05 0.000581299 0.00525298 0.0802749 1.49505e-05 0.00238326 5.65877e-07 0.229439 
2.72501e-07 0.033547 0.0234225 0.00571549 0.00328479 0.0115568 0.0125867 0.72336 2.07787e-07 9.92781e-05 0.00458919 0.0633259 3.31739e-05 0.00650779 0.0391853 0.000736869 0.00213124 0.00718296 0.0441284 0.0186067 
1.83486e-09 2.75018e-09 4.35665e-07 1.21088e-09 3.54041e-07 1.90284e-09 1.50146e-09 0.999998 1.39912e-09 1.73132e-09 2.69483e-09 1.59258e-09 2.17427e-09 3.52145e-07 5.83654e-07 1.57524e-09 1.95583e-09 2.23254e-09 1.8436e-09 9.24646e-10 
0.0758841 0.00109248 0.00172565 0.000158921 0.0653621 0.0486319 7.26509e-05 1.72332e-05 0.0132078 0.0848435 0.000111392 0.00158204 0.26135 0.431381 6.30709e-07 0.0103807 0.00151051 0.000219287 0.000216847 0.002251 
0.000306779 4.45515e-07 0.0103213 1.96157e-07 0.000499486 3.08251e-07 2.43228e-07 0.00334752 0.134046 0.0197401 4.36549e-07 0.00719394 0.0012129 0.0014744 0.000553808 0.0157933 3.16834e-07 6.89212e-06 0.804993 0.000508533 
0.0526268 0.582078 0.00147622 0.0285239 0.172595 1.59235e-07 1.25646e-07 2.31924e-07 1.05361e-05 0.000315852 0.0032002 1.33271e-07 1.81949e-07 9.63776e-08 0.0342674 0.00291757 5.11406e-05 8.29165e-05 2.10039e-05 0.121833 
0.0114726 0.0336938 0.00244733 0.0675892 0.114169 0.0110822 0.141443 9.10201e-05 0.528011 0.0371689 4.28497e-06 6.92523e-05 3.28591e-07 0.00413473 0.000724622 0.00397671 0.00220208 0.0364147 1.38731e-08 0.00530399 
0.0114726 0.0336938 0.00244733 0.0675892 0.114169 0.0110822 0.141443 9.10201e-05 0.528011 0.0371689 4.28497e-06 6.92523e-05 3.28591e-07 0.00413473 0.000724622 0.00397671 0.00220208 0.0364147 1.38731e-08 0.00530399 
4.2118e-05 0.000127568 0.000797516 0.00278793 0.00104183 0.000147928 0.758926 1.00365e-07 5.21566e-05 0.0307717 0.00449941 0.00143061 7.87383e-08 0.00566448 0.0368729 0.000318203 0.155602 0.000917537 6.67634e-08 3.34848e-08 
0.0267196 0.0748946 2.51242e-05 0.0173705 0.00165729 0.287269 4.04247e-05 4.00116e-05 0.00102927 0.0374416 0.0022525 0.0789694 0.0661536 0.000675626 0.276489 0.000499312 0.00851095 7.85602e-05 3.97351e-05 0.119844 
6.87428e-07 1.03035e-06 4.00693e-07 0.000953128 3.31854e-07 0.000499741 5.62518e-07 0.00103936 5.24176e-07 6.48637e-07 1.00962e-06 6.02623e-05 8.14587e-07 4.31482e-07 5.05091e-07 5.90162e-07 7.32748e-07 0.000753613 0.996685 3.46417e-07 
0.00312514 2.98216e-06 0.00220144 0.00250291 0.459894 0.00120576 0.0454194 2.55777e-06 0.0665174 0.0465026 0.000705102 0.000796211 3.34386e-05 0.0225296 0.00486028 0.158288 0.0298073 0.0208973 0.101359 0.0333494 
9.50919e-08 5.70679e-05 1.32928e-05 6.5706e-05 4.01034e-05 0.000285183 0.000923917 1.43631e-07 9.93639e-05 0.096767 0.823924 0.000219845 2.25577e-06 0.0712621 0.00018212 0.000183294 0.000233362 0.00544215 0.000287206 1.18959e-05 
3.23865e-07 2.64784e-05 1.88777e-07 0.000100385 0.000296164 0.000970822 4.57674e-05 0.0103955 6.67131e-05 3.0559e-07 4.75656e-07 0.00809674 5.20291e-05 2.03283e-07 3.6678e-05 2.78041e-07 0.970745 3.94058e-07 0.00911782 4.7876e-05 
0.548117 2.69896e-07 0.0280885 0.0734614 0.11109 0.0102115 0.0201624 0.00010551 0.0590324 0.00242094 0.000322661 7.79365e-06 2.13378e-07 1.13025e-07 0.00804949 0.00219961 0.000697868 0.00693505 0.0839914 0.0451059 
1.31879e-05 2.76009e-05 3.59268e-08 0.0612179 0.0839961 0.00013964 5.01112e-05 4.05838e-06 4.10427e-05 9.6665e-05 0.00273788 5.34971e-08 7.30372e-08 8.32792e-05 4.52873e-08 1.54384e-05 0.0102005 7.49946e-08 0.11214 0.729236 
0.0122575 1.49167e-09 0.0842306 0.00451567 0.0480586 7.86312e-06 8.14376e-10 0.000233277 0.693049 0.00483721 0.00269794 0.0125645 1.1793e-09 0.00378151 2.49722e-06 0.0475095 0.00674688 0.000264876 0.00179605 0.0774466 
0.000206039 0.00472613 2.00731e-07 0.134025 5.20708e-06 0.0143221 0.06906 0.00201997 0.00454534 0.675192 5.05777e-07 0.000214326 4.08076e-07 0.0350241 0.0237754 2.95647e-07 0.0365154 0.000139461 3.46014e-07 0.000228388 
0.0335233 0.000121564 0.0150961 0.0320238 0.0772524 0.00704962 0.00682925 9.07695e-06 0.0123948 0.00705673 0.0134794 0.00169369 0.00260515 0.0289355 0.00823726 0.0260892 0.0272267 0.0133448 0.00182565 0.685206 
3.86976e-06 5.80017e-06 2.25563e-06 2.55377e-06 1.86811e-06 4.01313e-06 3.1666e-06 0.00262425 0.000149823 0.992229 5.68345e-06 3.35877e-06 4.58558e-06 0.00338763 2.84332e-06 0.000168683 4.12488e-06 4.70847e-06 0.0013894 1.95009e-06 
0.000699632 0.00213663 1.96955e-06 0.0639718 1.53263e-06 2.69015e-07 0.00657816 3.91816e-07 0.00796064 2.44766e-07 6.61328e-05 0.00034966 2.97799e-05 0.000231743 6.55248e-05 0.0864284 0.000414409 0.616476 0.0781519 0.136435 
0.000193906 0.0204936 3.30187e-05 0.0858444 1.62216e-07 0.0411024 0.0338002 0.000236421 0.00247681 0.77492 4.93518e-07 2.91656e-07 3.98185e-07 0.0119077 2.46898e-07 2.88482e-07 0.000100397 0.000751839 3.37627e-07 0.0281368 
0.000416258 3.49416e-05 0.000237424 0.0219978 0.392351 0.00031154 4.24983e-05 0.000165387 0.000522553 9.90834e-07 4.65282e-05 0.0475875 1.24433e-06 0.0672207 0.176469 0.00424273 0.0312561 0.192908 0.0640081 0.000178895 
5.44379e-10 8.1594e-10 1.42951e-07 3.59252e-10 1.16365e-07 5.64548e-10 4.45462e-10 0.999999 4.15098e-10 5.1366e-10 7.99521e-10 4.72495e-10 6.45077e-10 1.15537e-07 1.91836e-07 4.67353e-10 5.80268e-10 6.62365e-10 5.46971e-10 2.7433e-10 
0.0674854 0.0317627 0.153583 0.0190564 3.02479e-05 0.00432185 2.22918e-05 2.69353e-08 1.35978e-08 1.68264e-08 0.000156628 8.46866e-05 1.48069e-05 0.0509653 3.71839e-06 0.259218 4.59654e-05 0.129104 0.227825 0.0563197 
0.000314112 0.000421653 0.0073974 0.000987309 0.00519017 0.946377 0.000495277 0.0015386 0.00554335 0.000744769 2.28398e-06 0.000121921 1.84278e-06 9.76112e-07 0.000655036 5.82194e-05 0.0011788 0.00201286 0.00144929 0.0255095 
0.0085539 0.00356857 0.0393252 0.0102419 0.0325953 0.525507 0.000596938 0.00234317 0.00714446 0.0359012 0.000776218 0.0159502 1.05996e-05 0.152794 0.00976028 0.0340274 0.00221036 0.064154 0.00409043 0.0504488 
1.88987e-05 0.000251549 2.26486e-05 0.000274416 0.00124197 3.98548e-06 2.36421e-06 1.13131e-06 8.20499e-09 1.17247e-06 7.75417e-06 3.21683e-06 1.32493e-06 1.07459e-06 3.84124e-06 0.00123839 0.000521113 0.996258 0.000146177 5.03268e-07 
0.0165062 0.00565008 0.0022378 0.00369733 0.149462 0.00321672 0.0098385 0.0027012 0.0295815 0.000294105 1.08702e-06 8.00525e-07 0.00952539 5.86787e-06 0.0044054 0.0077444 6.68893e-05 5.61103e-05 0.737699 0.0173095 
0.000233721 0.00158953 8.90091e-05 0.12917 0.488749 0.000229778 0.111046 0.019593 0.0581761 0.0265596 0.00363997 0.000140283 9.44725e-07 0.00332956 0.12619 0.00548825 9.15261e-05 0.0187661 8.01047e-07 0.00691655 
5.44379e-10 8.1594e-10 1.42951e-07 3.59252e-10 1.16365e-07 5.64548e-10 4.45462e-10 0.999999 4.15098e-10 5.1366e-10 7.99521e-10 4.72495e-10 6.45077e-10 1.15537e-07 1.91836e-07 4.67353e-10 5.80268e-10 6.62365e-10 5.46971e-10 2.7433e-10 
0.0167682 0.0113563 0.00891084 0.464372 0.0228899 0.0871318 0.00147628 0.000212443 0.0110777 0.0945693 0.00161205 0.069506 1.26168e-06 0.107529 0.0242552 0.00481976 0.0595563 0.00283967 7.28308e-05 0.0110432 
1.83486e-09 2.75018e-09 4.35665e-07 1.21088e-09 3.54041e-07 1.90284e-09 1.50146e-09 0.999998 1.39912e-09 1.73132e-09 2.69483e-09 1.59258e-09 2.17427e-09 3.52145e-07 5.83654e-07 1.57524e-09 1.95583e-09 2.23254e-09 1.8436e-09 9.24646e-10 
0.109107 7.78599e-07 0.00097745 0.506824 0.0419943 3.63842e-05 0.00508981 7.84624e-07 0.00577951 0.0653983 0.000749072 0.00157489 2.98717e-05 0.00958548 0.0232317 0.0324978 0.00845187 0.023464 0.00169178 0.163515 
0.00104067 6.63551e-07 0.000111361 5.56357e-07 2.04008e-07 0.000616363 0.00109779 3.23508e-09 0.997131 2.02095e-09 5.88608e-07 3.47852e-07 2.53799e-09 1.34436e-09 1.04551e-07 1.83875e-09 5.02871e-07 1.21729e-07 2.152e-09 1.07932e-09 
0.00104067 6.63551e-07 0.000111361 5.56357e-07 2.04008e-07 0.000616363 0.00109779 3.23508e-09 0.997131 2.02095e-09 5.88608e-07 3.47852e-07 2.53799e-09 1.34436e-09 1.04551e-07 1.83875e-09 5.02871e-07 1.21729e-07 2.152e-09 1.07932e-09 
0.0362556 0.0104411 0.0210906 0.166013 0.0366448 0.00431474 0.0422408 0.0195419 0.0511212 0.0162034 0.00244865 0.0308032 0.00138626 0.0536977 0.0266774 0.0918982 0.00376683 0.00759648 0.246546 0.131313 
6.6032e-07 9.89719e-07 3.84892e-07 4.35765e-07 3.18768e-07 6.84785e-07 5.40336e-07 0.0195831 0.167541 6.23059e-07 9.69802e-07 0.000556375 0.00727641 0.651617 4.85173e-07 0.00303326 7.03853e-07 0.000156633 0.150229 3.32756e-07 
9.53091e-05 0.0640093 0.000131489 0.00962371 0.0199843 0.000232403 3.83072e-06 2.66545e-05 7.07647e-05 7.57475e-05 0.725802 0.0281382 0.0272131 0.00391306 0.000204963 0.10819 4.01732e-05 0.0119562 0.000128486 0.000160389 
0.00273135 0.571713 0.000307054 0.1087 0.0468723 0.0871674 0.0647931 6.99001e-09 0.0341603 0.0322544 3.28339e-07 4.0167e-09 4.78246e-06 0.00775333 2.21176e-06 0.00304307 0.0364376 0.00271972 4.64982e-09 0.00133997 
0.175181 0.000256551 0.0375326 0.0568586 0.0584893 9.4933e-06 4.46257e-05 1.42295e-07 0.0602256 0.0980915 0.0142119 0.109438 1.11634e-07 0.149989 0.0593138 0.0659062 0.000162189 0.114075 7.59532e-05 0.000138939 
0.000175044 3.84774e-06 0.00021224 0.171942 0.154486 0.170076 0.00175711 3.87751e-06 1.95749e-06 2.42227e-06 3.77031e-06 2.22815e-06 3.042e-06 0.00102283 0.0008045 2.2039e-06 2.73638e-06 3.12352e-06 0.00156227 0.497932 
0.028902 0.000237054 0.00247615 0.0960754 0.033251 2.42228e-05 0.109643 1.0199e-05 0.0767861 0.000954862 0.00438385 1.13255e-06 0.00632875 0.00212821 0.086313 0.00942306 0.0016999 0.0155373 0.470685 0.0551402 
0.0149668 0.0333135 0.0100788 0.0605874 0.147748 0.00391782 0.00181336 6.95962e-06 0.0430974 0.0149501 0.0831259 0.0143171 0.00108373 0.00302542 0.0660069 0.0245654 0.444562 0.000115516 0.00276973 0.0299478 
9.4672e-05 0.000240939 0.0114525 5.20489e-05 9.28608e-05 8.95353e-05 2.08866e-06 0.000169869 0.00128786 0.0016355 0.0187473 2.56146e-05 0.00915619 4.69764e-05 0.00407182 4.1096e-07 0.952586 0.000145926 8.38267e-05 1.7729e-05 
0.000665473 0.752454 0.000133591 0.0503433 0.0103249 0.0774957 0.0315638 2.03505e-08 0.01778 0.0282797 4.33632e-07 3.7819e-07 2.85116e-05 0.00429272 9.89951e-09 7.78058e-05 0.0216287 0.00445782 5.13815e-06 0.000468433 
0.00406857 1.5547e-06 0.013898 0.0819916 0.0149805 0.000343521 0.000380894 0.00095451 0.1291 9.78732e-07 0.0175981 0.138264 1.22914e-06 0.000636167 0.00292179 0.00095146 1.10565e-06 0.000517835 0.524495 0.0688931 
9.24189e-05 0.0444959 0.00500294 0.108464 0.0269994 0.00121509 0.0668765 0.000304238 0.0212121 0.0319016 0.0069581 0.055815 0.000190509 0.108988 0.0519986 0.00339154 0.369609 0.0159787 1.99038e-07 0.0805062 
0.00429451 0.846748 5.32516e-05 0.0445414 0.0121234 0.0325373 0.0253587 1.46275e-08 0.0123266 0.00141025 3.88859e-07 8.40545e-09 3.36779e-05 2.66456e-05 7.11552e-09 2.96422e-06 0.0190829 0.00145442 4.94605e-06 1.06231e-06 
4.56465e-06 6.84171e-06 0.443117 0.223855 2.20357e-06 0.00407767 0.00229259 6.89465e-06 0.000230983 5.70923e-05 0.000314219 3.9619e-06 5.40901e-06 0.00761378 0.00861063 3.91878e-06 0.00028587 0.300331 4.58638e-06 0.00917508 
2.53261e-07 0.00619159 1.47623e-07 0.0494992 0.179505 0.014649 2.07242e-07 4.87727e-05 0.0255728 0.00537568 3.71961e-07 0.0189672 3.00109e-07 0.0134133 2.41072e-05 2.17426e-07 0.558041 0.0204497 1.76717e-05 0.108244 
0.0322173 0.000952082 0.0534774 0.0104032 0.00880841 5.46626e-07 0.000274693 1.22914e-05 0.0887393 0.00528491 0.659891 7.02357e-05 6.24598e-07 0.0399995 0.0136762 0.00117769 0.0241376 4.13853e-05 7.43824e-05 0.0607616 
0.000118413 0.00153597 3.39572e-05 2.65352e-06 0.00781956 0.00276533 0.968975 2.16307e-07 1.09198e-07 2.67215e-05 9.49827e-05 0.00071439 4.08204e-05 4.43039e-06 0.00173301 4.69901e-05 0.0050122 0.00418275 1.4389e-07 0.00689218 
0.00048794 1.06452e-06 0.0821369 4.687e-07 0.000966605 0.000369456 5.81174e-07 1.07276e-06 0.000237022 6.70149e-07 0.848727 6.16444e-07 0.0415094 0.000113145 5.21842e-07 0.000148215 0.0247286 8.64157e-07 0.000197519 0.00037197 
1.31879e-05 2.76009e-05 3.59268e-08 0.0612179 0.0839961 0.00013964 5.01112e-05 4.05838e-06 4.10427e-05 9.6665e-05 0.00273788 5.34971e-08 7.30372e-08 8.32792e-05 4.52873e-08 1.54384e-05 0.0102005 7.49946e-08 0.11214 0.729236 
6.38022e-05 1.21394e-07 0.000421357 0.0324611 0.000677603 0.000152273 0.000234812 1.22333e-07 0.000564276 0.0155152 0.81358 0.000513116 9.59731e-08 0.122384 0.0124425 0.000155896 2.06688e-05 0.000661126 0.000130071 2.24213e-05 
1.88987e-05 0.000251549 2.26486e-05 0.000274416 0.00124197 3.98548e-06 2.36421e-06 1.13131e-06 8.20499e-09 1.17247e-06 7.75417e-06 3.21683e-06 1.32493e-06 1.07459e-06 3.84124e-06 0.00123839 0.000521113 0.996258 0.000146177 5.03268e-07 
3.08171e-08 2.82371e-05 2.43726e-06 5.15609e-06 3.02036e-06 3.19589e-08 2.52175e-08 1.41522e-05 0.975981 0.0129497 4.52606e-08 1.79967e-05 9.58829e-06 1.32194e-06 2.19582e-06 5.92657e-05 1.93886e-05 3.74963e-08 3.09639e-08 0.0109059 
8.11312e-05 2.0211e-05 0.0025611 1.2573e-06 0.000301205 1.90401e-05 0.000778465 2.8777e-06 0.000145046 0.00833937 2.79814e-06 0.0048959 0.975307 0.00242392 0.000771158 0.000119879 1.24246e-05 1.6407e-05 2.70199e-05 0.00417333 
5.63471e-08 3.38667e-05 3.2844e-08 3.71851e-08 0.000163235 0.888094 4.61085e-08 8.51091e-08 4.29656e-08 0.000101071 0.000206973 0.000161441 0.0802779 0.0305755 0.000169786 4.83743e-08 6.00619e-08 6.85595e-08 5.66154e-08 0.000215831 
0.0327012 0.32072 4.51756e-08 0.0118003 0.194516 0.000176652 0.0184388 1.17064e-07 2.73333e-05 0.00181381 1.27265e-05 0.0265842 0.00347796 0.00064925 0.000520106 6.6537e-08 8.26128e-08 4.28289e-06 0.00168893 0.386868 
0.0750192 8.16611e-08 0.0116856 5.1061e-05 0.00061501 0.0111742 4.45828e-08 2.24661e-05 0.16656 0.0287899 6.53745e-05 1.5878e-05 6.45607e-08 0.0122903 0.154056 0.0915967 8.72491e-05 6.6291e-08 0.447696 0.000274627 
0.000757975 0.00075625 0.000759411 0.000759146 0.000759755 0.000757846 0.000758601 0.303241 0.000758791 0.68311 0.000756355 0.00075843 0.000757336 0.000759255 0.000758889 0.000758462 0.000757746 0.000757227 0.000757959 0.000759682 
0.000819463 0.000817598 0.000821015 0.000820729 0.000821387 0.000819324 0.00082014 0.000817556 0.000820346 0.984426 0.000817711 0.000819955 0.000818772 0.000820847 0.000820452 0.000819989 0.000819216 0.000818654 0.000819446 0.000821309 
0.000110955 7.96587e-08 3.09785e-08 0.225284 0.568597 5.51157e-08 5.36609e-06 8.02751e-08 3.38839e-06 9.71664e-06 7.80557e-08 6.25629e-06 6.29776e-08 3.33589e-08 3.9819e-06 2.2801e-05 6.46998e-06 5.01222e-05 0.00023582 0.205664 
0.000819463 0.000817598 0.000821015 0.000820729 0.000821387 0.000819324 0.00082014 0.000817556 0.000820346 0.984426 0.000817711 0.000819955 0.000818772 0.000820847 0.000820452 0.000819989 0.000819216 0.000818654 0.000819446 0.000821309 
0.00104067 6.63551e-07 0.000111361 5.56357e-07 2.04008e-07 0.000616363 0.00109779 3.23508e-09 0.997131 2.02095e-09 5.88608e-07 3.47852e-07 2.53799e-09 1.34436e-09 1.04551e-07 1.83875e-09 5.02871e-07 1.21729e-07 2.152e-09 1.07932e-09 
0.00711232 0.000225679 0.126156 0.0133101 0.305992 0.00495247 2.98911e-07 0.000835852 0.0397202 0.162674 0.236365 0.0121721 0.000143171 0.0133306 0.000387619 0.0245233 0.00117045 0.00577576 0.00946752 0.0356848 
1.83486e-09 2.75018e-09 4.35665e-07 1.21088e-09 3.54041e-07 1.90284e-09 1.50146e-09 0.999998 1.39912e-09 1.73132e-09 2.69483e-09 1.59258e-09 2.17427e-09 3.52145e-07 5.83654e-07 1.57524e-09 1.95583e-09 2.23254e-09 1.8436e-09 9.24646e-10 
0.000213547 5.38758e-06 0.0232048 0.00936118 0.0639458 7.59699e-05 1.02782e-05 0.000142246 0.000450063 1.86459e-05 6.76484e-05 0.0276465 4.50436e-08 0.0236642 0.000696845 4.38416e-05 0.00554524 0.683679 0.0500278 0.111201 
5.07817e-05 2.0602e-05 6.58122e-05 3.94217e-09 3.77799e-05 6.19493e-09 2.3957e-05 0.0238653 4.601e-05 5.63653e-09 8.77335e-09 9.85632e-06 0.449737 2.43755e-05 5.88188e-05 0.216086 9.55748e-06 7.2683e-09 0.309951 1.20442e-05 
0.0434963 0.00237675 0.0083153 0.0165826 0.205525 0.0222893 0.00685256 0.0687733 0.133309 0.00264532 0.00520947 0.021716 0.0276817 0.152997 0.0909939 0.0182397 0.000276162 0.107893 0.00257202 0.0622549 
2.56741e-05 0.0734835 3.32705e-05 4.48609e-09 1.90997e-05 7.04968e-09 0.125109 0.00466509 0.134571 2.02078e-05 9.98386e-09 0.103872 0.253312 0.20845 2.97359e-05 0.0397884 0.00446496 2.12593e-05 0.0375272 0.0146073 
0.0592251 7.67328e-05 0.0759648 0.320661 0.0310657 0.00229058 0.0102618 2.30801e-05 0.0975067 0.132286 0.00868903 0.00220784 2.56018e-05 0.0221471 0.111058 0.0423557 0.0141551 0.0207675 0.0229434 0.0262895 
0.00386784 0.00377184 0.109814 0.012082 0.00626775 0.0632069 0.0195854 0.0159278 3.0088e-06 0.00590765 0.00652698 0.0368535 1.57525e-06 0.146564 0.196848 0.0314111 0.000742284 1.28979e-05 0.30843 0.0321755 
0.132002 7.68289e-05 2.05652e-05 0.255753 0.0197526 1.59616e-07 1.25947e-07 1.19281e-05 1.17362e-07 0.00394005 0.000198103 6.1112e-05 0.00202549 2.24178e-05 0.0860484 0.133024 0.0106354 0.176552 1.54646e-07 0.179876 
0.0114237 0.00233454 0.0252258 0.0484454 0.035193 0.00854172 1.68747e-08 0.000949957 0.0446893 0.063507 3.0287e-08 0.0780125 0.0095936 0.140518 0.282111 0.0968116 0.0015363 0.00178484 0.00170257 0.147619 
8.03283e-10 1.204e-09 2.01677e-07 5.30111e-10 1.64049e-07 8.33044e-10 6.57322e-10 0.999999 6.12518e-10 7.57955e-10 1.17977e-09 6.97212e-10 9.51873e-10 1.63007e-07 2.70445e-07 6.89624e-10 8.56241e-10 9.77383e-10 8.07108e-10 4.048e-10 
0.001405 6.70451e-06 0.0932109 0.00845892 0.0111772 0.00358256 0.00472406 0.0137164 0.053759 0.00109659 0.0170596 0.0324315 0.033575 0.548909 0.00336605 0.00167575 0.00403551 0.000992211 0.113256 0.0535616 
0.000745886 1.99602e-07 9.32255e-05 0.000448292 6.42876e-08 2.77589e-05 0.00015267 0.000181233 0.000101646 1.25656e-07 0.00033269 0.00012726 1.57804e-07 0.000250848 9.79453e-05 0.000365963 0.620916 1.62033e-07 2.68947e-05 0.376131 
3.28991e-08 1.88502e-05 0.00213917 3.35031e-06 1.96381e-06 3.4118e-08 2.69211e-08 9.19189e-06 0.760763 0.103739 4.83184e-08 0.0745175 6.4092e-06 0.00462991 0.00884825 3.84226e-05 0.0259836 6.17558e-05 1.79044e-06 0.0192377 
6.0716e-07 9.10039e-07 0.000100424 4.00683e-07 2.93105e-07 6.29655e-07 4.96835e-07 0.995322 8.19152e-05 1.39076e-05 0.000253035 0.00410182 0.000101983 3.811e-07 4.46113e-07 1.89448e-05 6.47188e-07 7.38752e-07 6.10051e-07 3.05967e-07 
0.028902 0.000237054 0.00247615 0.0960754 0.033251 2.42228e-05 0.109643 1.0199e-05 0.0767861 0.000954862 0.00438385 1.13255e-06 0.00632875 0.00212821 0.086313 0.00942306 0.0016999 0.0155373 0.470685 0.0551402 
0.00637141 0.00323539 0.172789 0.0589889 0.0183632 0.268351 9.67743e-06 5.5529e-06 0.0063478 0.0408741 1.82023e-06 1.88568e-05 1.04721e-08 0.010123 0.283266 0.00873086 1.13567e-05 4.96895e-06 4.1832e-07 0.122506 
0.00739793 0.00335278 0.000347491 0.00361735 7.13637e-07 0.273794 1.20967e-06 2.23286e-06 1.12722e-06 0.0344596 2.17113e-06 0.00351531 1.75173e-06 0.0515448 0.364611 0.000664964 0.228987 0.0276173 8.08098e-05 7.44954e-07 
0.0929752 1.02968e-07 0.00661123 0.805107 3.31639e-08 7.12436e-08 5.62155e-08 1.03765e-07 5.23837e-08 9.44484e-05 9.35889e-05 5.9627e-08 8.1406e-08 1.96883e-05 4.45936e-05 0.000520575 0.063974 0.00866434 6.90255e-08 0.0218944 
0.000462765 0.0411415 0.000276209 2.40089e-07 0.32281 0.502767 0.00406923 4.76831e-05 6.51713e-05 8.33223e-05 0.0301217 0.00329126 0.000522981 6.54684e-05 2.67311e-07 0.0101626 0.000709065 0.00225605 0.0674218 0.0137263 
0.913741 3.39317e-06 1.31957e-06 0.0018917 0.000166322 0.00112636 0.00184424 3.41942e-06 0.0516407 0.00080889 0.00113348 0.000224596 0.000188428 1.42097e-06 0.000923045 1.94353e-06 0.000382149 0.0258857 2.27463e-06 2.9865e-05 
0.00254741 7.30638e-05 0.0204147 0.0874107 0.0519162 9.43979e-06 0.0785616 0.000245126 0.0293913 0.031101 7.40883e-06 0.135012 1.89981e-05 0.416035 0.00394592 3.26886e-08 0.00334961 1.52751e-05 2.99633e-05 0.139915 
0.00159304 0.00308251 0.0437408 0.00416093 0.0514236 0.00509284 1.8292e-07 0.000129055 0.19226 0.0285033 0.00393003 0.0147194 0.0573536 0.0210647 0.0119329 0.00152075 5.21451e-05 6.05648e-05 0.00628757 0.553092 
1.74126e-05 0.000422414 0.000367495 0.00172006 2.20386e-05 0.000126772 2.88813e-07 0.858549 0.00270466 0.0137898 5.18365e-07 0.00347766 4.18232e-07 0.100536 0.0053438 0.000322044 0.000213826 0.00359447 3.54626e-07 0.00879052 
0.0335233 0.000121564 0.0150961 0.0320238 0.0772524 0.00704962 0.00682925 9.07695e-06 0.0123948 0.00705673 0.0134794 0.00169369 0.00260515 0.0289355 0.00823726 0.0260892 0.0272267 0.0133448 0.00182565 0.685206 
0.0557963 0.00399672 0.0333447 0.014192 0.330353 0.0130097 0.00164154 0.00467032 0.00890822 0.0304734 0.012534 4.72525e-05 0.00792241 0.00960443 0.0537705 0.0953616 0.00826038 2.58575e-05 0.124988 0.1911 
5.44379e-10 8.1594e-10 1.42951e-07 3.59252e-10 1.16365e-07 5.64548e-10 4.45462e-10 0.999999 4.15098e-10 5.1366e-10 7.99521e-10 4.72495e-10 6.45077e-10 1.15537e-07 1.91836e-07 4.67353e-10 5.80268e-10 6.62365e-10 5.46971e-10 2.7433e-10 
8.29417e-07 1.24317e-06 0.00304626 0.00509097 4.00399e-07 0.0165157 0.00373356 1.25279e-06 6.32445e-07 0.00156601 0.955152 0.00244836 9.8284e-07 0.00239531 0.00310863 0.00277775 0.00265317 1.00918e-06 8.33366e-07 0.00150511 
0.000699632 0.00213663 1.96955e-06 0.0639718 1.53263e-06 2.69015e-07 0.00657816 3.91816e-07 0.00796064 2.44766e-07 6.61328e-05 0.00034966 2.97799e-05 0.000231743 6.55248e-05 0.0864284 0.000414409 0.616476 0.0781519 0.136435 
0.00864874 3.17365e-05 0.0453385 0.608859 0.0276276 0.000243594 0.000227863 0.00278012 0.140654 0.0113317 0.0169494 0.0206825 6.00608e-05 0.05029 0.0274427 0.0145241 0.00466534 0.00336048 0.00197811 0.0143048 
0.0572343 0.0199529 0.000457687 0.0703006 0.000152402 0.000391158 0.00103783 0.00158294 0.0593716 0.0532181 0.000149901 0.00146634 0.413227 0.00173004 0.000290974 0.0232597 0.00211252 0.0224123 0.122099 0.149552 
0.013203 0.00577815 0.00334834 0.0492583 0.35591 2.35234e-05 0.0874743 0.000369921 0.00112083 0.0113257 0.0635052 5.36197e-09 7.32045e-09 3.87761e-09 0.120752 0.0111922 0.00129145 0.00984897 4.81153e-06 0.265593 
0.00764786 7.45831e-05 3.19833e-05 0.0024733 2.35652e-05 2.1566e-05 3.0307e-07 5.45487e-05 8.52441e-05 0.00126434 0.000150874 0.0101649 0.00118819 0.0149754 0.946433 0.000195791 5.13105e-05 0.0150793 3.72131e-07 8.31505e-05 
0.000336602 0.00138809 1.43492e-07 0.290546 0.200483 0.0716424 0.0001968 3.71833e-07 1.87713e-07 0.000634983 0.000172034 0.000354715 2.91712e-07 0.000236209 0.319257 2.11343e-07 0.000200698 0.000441115 2.47347e-07 0.11411 
2.20345e-06 3.30263e-06 1.28436e-06 0.0794973 0.0023233 0.00472906 0.00448734 0.000270459 0.000523121 2.07911e-06 0.00134598 0.000472653 0.722192 0.013741 0.137712 1.89168e-06 0.00109573 2.68101e-06 0.0312217 0.000375427 
9.92731e-05 9.19741e-05 0.000306261 0.162271 1.4963e-05 6.51156e-07 0.00406241 0.000913481 0.00368673 0.010288 0.00114642 0.717963 7.44039e-07 0.042551 0.0402742 2.38257e-05 0.00686315 0.000168799 6.30882e-07 0.00927377 
1.83486e-09 2.75018e-09 4.35665e-07 1.21088e-09 3.54041e-07 1.90284e-09 1.50146e-09 0.999998 1.39912e-09 1.73132e-09 2.69483e-09 1.59258e-09 2.17427e-09 3.52145e-07 5.83654e-07 1.57524e-09 1.95583e-09 2.23254e-09 1.8436e-09 9.24646e-10 
2.5156e-06 0.984508 0.00241312 0.000175223 1.42771e-06 6.93124e-05 7.31036e-07 5.67116e-09 7.64642e-07 0.000180258 1.95794e-05 0.0108781 4.44915e-09 0.00137442 4.63115e-07 3.22338e-09 0.000300995 3.25183e-06 7.00612e-05 1.82148e-06 
0.0252542 0.00953904 0.0460968 0.0134878 0.0720915 0.00131092 1.17863e-05 5.3103e-07 4.94422e-06 1.24746e-05 0.0768759 4.47683e-05 7.83102e-06 0.0517273 2.5091e-06 0.0857234 0.0500494 0.0387467 0.17486 0.354152 
0.00104067 6.63551e-07 0.000111361 5.56357e-07 2.04008e-07 0.000616363 0.00109779 3.23508e-09 0.997131 2.02095e-09 5.88608e-07 3.47852e-07 2.53799e-09 1.34436e-09 1.04551e-07 1.83875e-09 5.02871e-07 1.21729e-07 2.152e-09 1.07932e-09 
0.00104067 6.63551e-07 0.000111361 5.56357e-07 2.04008e-07 0.000616363 0.00109779 3.23508e-09 0.997131 2.02095e-09 5.88608e-07 3.47852e-07 2.53799e-09 1.34436e-09 1.04551e-07 1.83875e-09 5.02871e-07 1.21729e-07 2.152e-09 1.07932e-09 
0.00104067 6.63551e-07 0.000111361 5.56357e-07 2.04008e-07 0.000616363 0.00109779 3.23508e-09 0.997131 2.02095e-09 5.88608e-07 3.47852e-07 2.53799e-09 1.34436e-09 1.04551e-07 1.83875e-09 5.02871e-07 1.21729e-07 2.152e-09 1.07932e-09 
2.06279e-08 9.17832e-05 0.00992952 1.3613e-08 1.59837e-05 4.35414e-05 1.22014e-05 3.11573e-08 0.000288914 3.66834e-05 3.02959e-08 1.79041e-08 2.44436e-08 0.0147169 0.0071075 0.115928 3.64701e-05 2.50987e-08 0.851783 9.25104e-06 
5.86354e-08 8.78854e-08 1.88174e-05 0.00136035 0.0370514 0.00789626 0.000147922 5.76118e-05 0.000295264 9.2132e-05 0.00414411 0.0231057 6.94816e-08 0.00144464 3.01776e-05 3.98386e-05 0.0952579 7.13437e-08 5.89146e-08 0.829058 
0.00428762 0.00200254 0.00464065 0.00804132 0.0193493 0.0283134 0.000129141 0.00826029 0.0512588 6.71786e-05 0.0201884 0.0132602 0.00839462 0.496327 0.168377 0.0747124 0.0047374 0.0329792 0.00011648 0.0545572 
0.00301759 5.33913e-07 2.07633e-07 0.000255583 0.584013 3.69413e-07 2.91489e-07 2.71638e-06 4.6564e-05 0.0239343 0.00150693 3.09179e-07 4.22108e-07 9.42188e-05 7.797e-05 0.00161822 0.00521725 4.3342e-07 6.99121e-05 0.380144 
0.0560405 5.93054e-05 0.123652 0.0718838 0.0238178 0.00978077 0.0584112 0.00026672 0.490499 0.00424457 0.0357715 0.00470961 0.00509921 0.00526902 0.0490625 0.0133389 0.00562339 0.00341761 0.0130493 0.0260034 
7.87893e-05 1.46256e-06 5.34135e-09 6.04734e-09 3.66355e-05 6.61368e-05 7.49853e-09 0.628364 0.00735279 1.41459e-05 0.0687353 0.00164079 0.00466003 6.18767e-06 0.000406824 0.00289717 9.76774e-09 0.00499681 0.278442 0.00230158 
0.0119074 0.00226517 0.00017913 0.0156177 0.171718 9.05369e-05 0.000134877 0.000158141 0.000620904 0.00859915 0.742596 0.00361849 1.37853e-05 0.0260497 0.00832832 0.000115914 0.00275087 5.21949e-05 0.00476915 0.00041356 
0.99695 6.27109e-07 5.40068e-05 0.000258969 2.01979e-07 4.33896e-07 3.42369e-07 0.00160176 5.89284e-05 3.94785e-07 0.000192523 0.000345386 4.95788e-07 2.62616e-07 5.67828e-05 0.000211519 0.000188886 5.09075e-07 4.20386e-07 7.76782e-05 
8.03283e-10 1.204e-09 2.01677e-07 5.30111e-10 1.64049e-07 8.33044e-10 6.57322e-10 0.999999 6.12518e-10 7.57955e-10 1.17977e-09 6.97212e-10 9.51873e-10 1.63007e-07 2.70445e-07 6.89624e-10 8.56241e-10 9.77383e-10 8.07108e-10 4.048e-10 
0.0378167 1.47956e-06 0.135186 0.587545 4.76536e-07 0.0657619 8.07766e-07 1.49101e-06 7.52707e-07 0.000271537 0.000269488 8.56786e-07 1.16973e-06 8.89396e-05 0.000128434 0.000287611 0.159841 0.00376846 9.91834e-07 0.00902648 
0.0403272 0.00149007 2.37707e-07 9.77739e-05 0.291324 0.0607935 0.356757 4.99898e-05 6.82894e-05 0.00947199 0.00187543 0.0596736 8.00655e-05 2.55973e-07 0.000539604 3.09644e-05 0.0201753 0.00026064 0.0370823 0.119903 
0.00731818 7.04048e-06 0.0235136 0.0104917 0.0152791 0.00620685 0.000748248 0.149047 0.0188196 2.17071e-06 0.0291321 0.0650887 0.0123735 0.402699 0.00525512 0.00430304 0.00148954 0.0260097 0.166245 0.0559707 
0.0179563 3.37803e-07 0.0172989 0.380041 0.00554337 0.0217661 1.84423e-07 6.73996e-05 0.0305805 3.61198e-05 0.000160061 2.00414e-05 0.00598325 0.0903927 0.0944996 0.000175947 0.0167811 0.20276 2.26449e-07 0.115937 
4.13279e-05 0.0117236 2.32058e-05 0.0804735 0.0821762 0.0480396 0.109875 0.00100456 0.415044 0.048462 6.27652e-05 6.3291e-05 6.89635e-07 0.0371878 0.037233 5.27729e-05 0.127671 4.62991e-05 8.26789e-05 0.00073578 
1.88987e-05 0.000251549 2.26486e-05 0.000274416 0.00124197 3.98548e-06 2.36421e-06 1.13131e-06 8.20499e-09 1.17247e-06 7.75417e-06 3.21683e-06 1.32493e-06 1.07459e-06 3.84124e-06 0.00123839 0.000521113 0.996258 0.000146177 5.03268e-07 
4.07689e-08 0.0115101 2.37636e-08 0.139849 1.59378e-06 0.158223 0.00589569 6.15791e-08 0.0271961 0.221911 0.00478045 0.00997812 3.42424e-05 3.88293e-05 0.0277512 0.00168155 0.0783194 0.302867 0.00904641 0.000916876 
